time (s)	energy (uJ)	charge (mC)	voltage (mV)	crossing#mod 255
11614.638024	20.306662	8.540751	2.377620	183
11615.695017	17.285141	8.560902	2.019079	184
11616.761416	21.223146	8.547059	2.483094	185
11617.807703	19.409472	8.554405	2.268945	186
11618.884087	19.697311	8.531584	2.308752	187
11619.917735	22.646255	8.534936	2.653360	188
11621.006419	16.600573	8.525146	1.947248	189
11622.046553	21.436132	8.549146	2.507401	190
11623.121977	18.410654	8.561026	2.150520	191
11624.155150	21.347033	8.562838	2.492986	192
11625.233901	18.331646	8.562432	2.140939	193
11626.277537	23.323906	8.555648	2.726141	194
11627.343652	16.993755	8.530266	1.992172	195
11628.406209	22.295458	8.530796	2.613526	196
11629.449039	20.289619	8.531729	2.378137	197
11630.529649	19.731365	8.560235	2.305003	198
11631.568254	21.114216	8.549202	2.469730	199
11632.644877	19.333080	8.554158	2.260080	200
11633.695700	22.482868	8.549162	2.629833	201
11634.760269	18.853533	8.561709	2.202076	202
11635.806076	20.829840	8.521561	2.444369	203
11636.871693	19.856228	8.555127	2.320974	204
11637.931274	21.269918	8.537196	2.491441	205
11638.980236	18.012077	8.557578	2.104810	206
11640.051998	22.440491	8.536859	2.628659	207
11641.094813	19.993706	8.562114	2.335137	208
11642.171234	21.024744	8.538357	2.462388	209
11643.207916	22.901514	8.542370	2.680933	210
11644.290585	18.502508	8.550399	2.163935	211
11645.327259	22.062006	8.533664	2.585291	212
11646.406519	18.361057	8.517628	2.155654	213
11647.444295	20.394922	8.544947	2.386782	214
11648.522948	19.493353	8.551655	2.279483	215
11649.564928	18.942408	8.542584	2.217410	216
11650.633338	21.822781	8.549839	2.552420	217
11651.683895	18.967089	8.544923	2.219691	218
11652.747819	21.459114	8.555435	2.508244	219
11653.807153	18.875967	8.499810	2.220752	220
11654.857809	20.721067	8.555516	2.421954	221
11655.938953	20.356915	8.546188	2.381988	222
11656.979262	23.119364	8.547139	2.704924	223
11658.050143	18.104813	8.549796	2.117573	224
11659.085096	20.499989	8.555663	2.396072	225
11660.161348	20.491920	8.517218	2.405941	226
11661.204476	19.609070	8.551282	2.293115	227
11662.275261	21.120146	8.552817	2.469379	228
11663.329027	19.048222	8.537923	2.231014	229
11664.395115	22.163227	8.543056	2.594297	230
11665.451465	18.887003	8.553160	2.208190	231
11666.495076	22.020464	8.537148	2.579370	232
11667.572745	18.035238	8.527228	2.115018	233
11668.608616	20.834990	8.507898	2.448900	234
11669.691237	19.027775	8.530764	2.230489	235
11670.724535	20.938517	8.548421	2.449402	236
11671.806036	19.414993	8.550899	2.270521	237
11672.851370	21.715725	8.560923	2.536611	238
11673.920126	19.916525	8.541328	2.331783	239
11674.959767	20.814993	8.540890	2.437099	240
11676.036040	19.212374	8.564068	2.243370	241
11677.078852	20.502712	8.541934	2.400243	242
11678.148463	19.475817	8.554531	2.276667	243
11679.196917	19.486143	8.553937	2.278032	244
11680.263399	20.248899	8.537470	2.371768	245
11681.317031	18.656139	8.555293	2.180655	246
11682.378484	20.543217	8.546407	2.403726	247
11683.431634	18.852337	8.550517	2.204818	248
11684.506572	21.144833	8.532988	2.478011	249
11685.546710	19.214291	8.544113	2.248834	250
11686.612756	19.530645	8.556392	2.282580	251
11687.662430	19.579485	8.548844	2.290308	252
11688.730605	18.953718	8.533646	2.221058	253
11689.776235	19.419905	8.556146	2.269702	254
11690.848947	18.840746	8.550856	2.203376	255
11691.890730	19.156214	8.558887	2.238167	0
11692.966419	19.376640	8.530423	2.271475	1
11694.004829	19.529785	8.548469	2.284595	2
11695.084514	18.870966	8.545288	2.208348	3
11696.119235	20.036354	8.555128	2.342029	4
11697.199536	18.359999	8.550806	2.147166	5
11698.235562	20.353767	8.546827	2.381441	6
11699.314504	17.757614	8.548661	2.077239	7
11700.353524	20.135382	8.524767	2.361986	8
11701.428034	18.137037	8.551562	2.120904	9
11702.474809	20.028761	8.552770	2.341786	10
11703.540256	17.597607	8.549728	2.058265	11
11704.595570	20.453680	8.561251	2.389100	12
11705.649278	17.570251	8.555766	2.053615	13
11706.716093	19.585272	8.548532	2.291068	14
11707.761490	19.002033	8.501861	2.235044	15
11708.832994	18.644407	8.557158	2.178808	16
11709.876635	19.226927	8.547504	2.249420	17
11710.960574	19.156328	8.521752	2.247933	18
11711.992219	19.290850	8.514769	2.265575	19
11713.065565	17.925005	8.527901	2.101925	20
11714.109179	19.275043	8.546625	2.255281	21
11715.179450	17.727074	8.546452	2.074203	22
11716.230393	19.108162	8.537786	2.238070	23
11717.290684	17.332354	8.557372	2.025429	24
11718.348914	19.069008	8.536884	2.233720	25
11719.404210	17.440067	8.540573	2.042026	26
11720.476648	19.542782	8.555176	2.284323	27
11721.518391	18.451324	8.550126	2.158018	28
11722.582868	17.844479	8.535328	2.090661	29
11723.634519	18.223595	8.552754	2.130728	30
11724.696860	18.312498	8.546992	2.142566	31
11725.751607	17.112686	8.550085	2.001464	32
11726.812995	18.493406	8.546923	2.163751	33
11727.879122	18.216726	8.566133	2.126599	34
11728.925851	18.651745	8.528939	2.186878	35
11729.986366	17.244114	8.543267	2.018445	36
11731.040445	17.818604	8.526393	2.089818	37
11732.104379	17.627253	8.548882	2.061937	38
11733.150822	18.118277	8.544115	2.120557	39
11734.222940	17.229675	8.538635	2.017849	40
11735.265626	18.087208	8.544888	2.116729	41
11736.337659	17.765989	8.526507	2.083619	42
11737.378153	18.151512	8.542589	2.124826	43
11738.455174	17.606033	8.553091	2.058441	44
11739.498957	16.939676	8.547271	1.981881	45
11740.566896	17.904558	8.548862	2.094379	46
11741.616799	17.178667	8.528598	2.014243	47
11742.679742	17.476658	8.545922	2.045029	48
11743.737054	17.046999	8.555169	1.992596	49
11744.789735	17.934446	8.526958	2.103264	50
11745.858722	16.260065	8.549658	1.901838	51
11746.902723	18.059471	8.558681	2.110076	52
11747.974763	16.644482	8.561876	1.944023	53
11749.015958	17.638500	8.538462	2.065770	54
11750.093319	16.451662	8.541374	1.926114	55
11751.130377	17.642584	8.540731	2.065699	56
11752.207507	17.128628	8.551671	2.002957	57
11753.247204	17.187643	8.538095	2.013054	58
11754.324610	16.573814	8.556279	1.937036	59
11755.360285	17.742653	8.541396	2.077255	60
11756.439865	16.367922	8.555018	1.913254	61
11757.477477	17.131796	8.557473	2.001969	62
11758.555964	16.233780	8.546154	1.899542	63
11759.594091	16.546389	8.543170	1.936797	64
11760.669349	16.972240	8.530583	1.989576	65
11761.719179	17.879393	8.551888	2.090696	66
11762.783942	17.049875	8.543050	1.995760	67
11763.825038	16.594801	8.541607	1.942820	68
11764.900139	16.502134	8.543606	1.931519	69
11765.939156	17.126522	8.548663	2.003415	70
11767.016600	16.126085	8.560723	1.883729	71
11768.055365	16.664135	8.533179	1.952864	72
11769.131984	15.925919	8.521539	1.868902	73
11770.170065	16.686386	8.559463	1.949467	74
11771.249659	15.868650	8.542146	1.857689	75
11772.284294	16.734358	8.519876	1.964155	76
11773.363856	16.078072	8.550662	1.880331	77
11774.400770	16.636715	8.554958	1.944687	78
11775.479020	15.871377	8.524228	1.861914	79
11776.516656	16.797827	8.542720	1.966332	80
11777.594350	15.467016	8.553583	1.808250	81
11778.633710	16.607712	8.550879	1.942223	82
11779.708435	15.318745	8.546942	1.792307	83
11780.750662	16.778645	8.535172	1.965824	84
11781.821980	15.007342	8.528314	1.759708	85
11782.868558	16.598522	8.546222	1.942206	86
11783.934917	14.575068	8.543790	1.705926	87
11784.987001	16.708212	8.527190	1.959404	88
11786.045848	14.873682	8.552942	1.739014	89
11787.104678	16.528347	8.550874	1.932943	90
11788.156887	15.555779	8.522462	1.825268	91
11789.223017	16.074085	8.500902	1.890868	92
11790.271328	15.535267	8.529420	1.821374	93
11791.341157	15.775191	8.546347	1.845840	94
11792.384304	15.641025	8.550111	1.829336	95
11793.456474	15.600877	8.531524	1.828616	96
11794.499110	15.937717	8.529672	1.868503	97
11795.572514	15.354066	8.550984	1.795591	98
11796.615044	16.092279	8.530695	1.886397	99
11797.684626	15.580393	8.547802	1.822737	100
11798.734258	15.378282	8.553082	1.797981	101
11799.799342	15.234675	8.533912	1.785193	102
11800.849305	15.780145	8.534843	1.848909	103
11801.912940	15.026084	8.526583	1.762263	104
11802.965778	15.695977	8.542789	1.837336	105
11804.027893	14.846609	8.548299	1.736791	106
11805.082113	15.824265	8.524139	1.856406	107
11806.142305	14.846354	8.545586	1.737313	108
11807.195787	15.921598	8.547897	1.862633	109
11808.258921	14.901335	8.526152	1.747721	110
11809.310524	15.619587	8.530590	1.831009	111
11810.375834	14.596559	8.516315	1.713953	112
11811.426070	15.208281	8.554074	1.777899	113
11812.491383	15.108943	8.550059	1.767116	114
11813.539169	15.308787	8.550469	1.790403	115
11814.608770	14.891352	8.527270	1.746321	116
11815.653217	15.082442	8.543305	1.765411	117
11816.724259	15.289938	8.534545	1.791535	118
11817.766986	15.143782	8.526172	1.776153	119
11818.839870	15.223523	8.538195	1.782991	120
11819.884499	14.676562	8.528475	1.720890	121
11820.954910	14.906114	8.513784	1.750821	122
11821.999862	14.748153	8.526524	1.729680	123
11823.067832	14.957106	8.533911	1.752667	124
11824.128923	15.572478	8.547864	1.821798	125
11825.178348	15.608049	8.558161	1.823762	126
11826.235418	14.366953	8.537242	1.682857	127
11827.292742	15.457103	8.509263	1.816503	128
11828.353983	14.236112	8.533872	1.668189	129
11829.404388	15.549319	8.537186	1.821364	130
11830.470233	14.590227	8.552012	1.706058	131
11831.519583	14.927663	8.554059	1.745097	132
11832.588336	14.378183	8.517156	1.688144	133
11833.632356	14.836926	8.526577	1.740080	134
11834.702792	14.789627	8.553362	1.729101	135
11835.745938	15.123383	8.540712	1.770740	136
11836.820241	14.597198	8.545834	1.708107	137
11837.860390	14.961627	8.547687	1.750372	138
11838.936056	14.514331	8.548083	1.697963	139
11839.973954	15.060448	8.550823	1.761286	140
11841.052432	14.250025	8.533477	1.669897	141
11842.089011	15.200693	8.557306	1.776341	142
11843.166695	14.416415	8.526282	1.690821	143
11844.204603	14.871197	8.509132	1.747675	144
11845.281059	14.486917	8.538033	1.696751	145
11846.319723	14.809017	8.494696	1.743325	146
11847.397946	14.033638	8.529450	1.645316	147
11848.434586	14.783595	8.525356	1.734074	148
11849.512953	13.970190	8.537367	1.636358	149
11850.550933	14.731040	8.544631	1.724011	150
11851.628877	13.691153	8.558746	1.599668	151
11852.666964	14.597822	8.543847	1.708577	152
11853.741217	14.191384	8.553069	1.659216	153
11854.780627	15.109778	8.556529	1.765877	154
11855.856680	14.228445	8.523143	1.669390	155
11856.896370	14.824397	8.549775	1.733893	156
11857.971398	13.804951	8.558316	1.613045	157
11859.013101	14.744016	8.512913	1.731959	158
11860.086076	13.644809	8.548335	1.596195	159
11861.129714	14.671522	8.536654	1.718650	160
11862.197851	14.001333	8.539710	1.639556	161
11863.246762	14.607569	8.529222	1.712650	162
11864.321831	14.991402	8.545455	1.754313	163
11865.365179	14.374821	8.548035	1.681652	164
11866.423527	13.850122	8.537720	1.622227	165
11867.480712	14.773798	8.544358	1.729071	166
11868.537422	13.554307	8.525021	1.589944	167
11869.599414	14.413532	8.534624	1.688830	168
11870.651185	13.358579	8.546687	1.563013	169
11871.715932	14.551995	8.543480	1.703287	170
11872.765687	13.071957	8.544249	1.529913	171
11873.844102	15.334869	8.560704	1.791309	172
11874.877388	13.918011	8.540092	1.629726	173
11875.948169	14.262958	8.527928	1.672500	174
11876.993902	13.440213	8.542598	1.573317	175
11878.064625	13.681449	8.558689	1.598545	176
11879.109668	13.493279	8.529924	1.581876	177
11880.177262	14.187751	8.514643	1.666277	178
11881.224618	13.584808	8.527464	1.593066	179
11882.294120	13.352279	8.515489	1.567999	180
11883.339213	13.968301	8.529007	1.637741	181
11884.405611	13.922714	8.544875	1.629364	182
11885.455875	13.600719	8.543124	1.592008	183
11886.520052	13.661417	8.496790	1.607833	184
11887.571776	13.522774	8.544253	1.582675	185
11888.636720	13.293613	8.509407	1.562226	186
11889.687145	13.315448	8.524945	1.561939	187
11890.750993	13.647173	8.546713	1.596774	188
11891.812185	14.766236	8.557812	1.725469	189
11892.867819	13.290675	8.549559	1.554545	190
11893.916611	13.135296	8.556667	1.535095	191
11894.982832	13.460164	8.525094	1.578888	192
11896.030251	13.047729	8.520253	1.531378	193
11897.099257	13.294714	8.531443	1.558320	194
11898.144910	13.090288	8.535641	1.533603	195
11899.214126	13.673444	8.540414	1.601028	196
11900.258497	13.530699	8.538408	1.584686	197
11901.330589	13.487239	8.541639	1.578999	198
11902.373426	13.358702	8.548325	1.562727	199
11903.444199	13.671226	8.547343	1.599471	200
11904.489876	13.141604	8.540762	1.538692	201
11905.558554	13.580848	8.512191	1.595459	202
11906.606856	13.068656	8.548620	1.528744	203
11907.672253	13.593442	8.527864	1.594003	204
11908.724844	12.865106	8.535355	1.507273	205
11909.793673	15.171584	8.546184	1.775247	206
11910.841524	12.867423	8.542455	1.506291	207
11911.897162	13.504043	8.525381	1.583981	208
11912.957595	13.104606	8.556159	1.531599	209
11914.011378	13.470141	8.524867	1.580100	210
11915.075651	12.552364	8.514015	1.474318	211
11916.124903	13.339005	8.533443	1.563145	212
11917.190205	13.028823	8.525090	1.528292	213
11918.238278	13.419591	8.533537	1.572571	214
11919.306377	13.022291	8.522060	1.528069	215
11920.352643	13.382318	8.548463	1.565465	216
11921.433562	13.984062	8.555246	1.634560	217
11922.466927	13.333264	8.516996	1.565489	218
