crossing time (s)	slope (V/s)	crossing number
10277.718484	1.426134	4329
10278.755638	1.173707	4330
10279.838659	1.628813	4331
10280.884600	1.614565	4332
10281.946673	1.050613	4333
10282.978833	1.464305	4334
10284.079595	1.555354	4335
10285.113858	1.506520	4336
10286.174730	1.457004	4337
10287.213340	1.528275	4338
10288.304418	1.705292	4339
10289.340456	1.339005	4340
10290.395266	1.312412	4341
10291.434815	1.452793	4342
10292.529967	1.444823	4343
10293.564788	1.552533	4344
10294.628800	1.440959	4345
10295.665420	1.681071	4346
10296.764097	1.511343	4347
10297.792343	1.383791	4348
10298.856783	1.505575	4349
10299.894397	1.565248	4350
10300.989578	1.324592	4351
10302.010982	1.275621	4352
10303.091121	1.841777	4353
10304.123074	1.713963	4354
10305.213231	1.604566	4355
10306.239047	1.274996	4356
10307.323832	1.675394	4357
10308.357355	1.601949	4358
10309.437824	1.301819	4359
10310.463773	1.511550	4360
10311.557477	1.684654	4361
10312.588836	1.697593	4362
10313.659235	1.712409	4363
10314.691096	1.461599	4364
10315.778891	1.935629	4365
10316.820172	1.195021	4366
10317.887348	1.384346	4367
10318.920884	1.268340	4368
10319.995807	0.864302	4369
10321.048637	1.447604	4370
10322.112430	1.800509	4371
10323.153595	1.768204	4372
10324.235025	1.866972	4373
10325.271685	1.547311	4374
10326.338305	1.748351	4375
10327.378074	1.570699	4376
10328.466701	1.836435	4377
10329.498231	1.399237	4378
10330.573700	1.685945	4379
10331.608637	1.679139	4380
10332.694255	1.690539	4381
10333.726231	1.443486	4382
10334.799416	1.597530	4383
10335.837597	1.754659	4384
10336.919437	1.565819	4385
10337.949536	1.530453	4386
10339.031104	1.838785	4387
10340.065171	1.643619	4388
10341.149048	1.773514	4389
10342.177684	1.578370	4390
10343.260866	1.913333	4391
10344.294170	1.632399	4392
10345.373314	1.585886	4393
10346.402399	1.488288	4394
10347.490368	1.475369	4395
10348.525359	1.705469	4396
10349.600606	1.666033	4397
10350.634074	1.883710	4398
10351.714752	1.825931	4399
10352.759103	1.928181	4400
10353.827388	1.676403	4401
10354.862338	1.747552	4402
10355.944466	1.997353	4403
10356.982314	1.348365	4404
10358.051939	1.544708	4405
10359.094039	1.586434	4406
10360.171476	1.524533	4407
10361.212607	1.688626	4408
10362.281403	1.628574	4409
10363.324402	1.928742	4410
10364.401342	1.764475	4411
10365.441674	1.749605	4412
10366.507035	2.016953	4413
10367.551205	1.758758	4414
10368.628738	1.904338	4415
10369.665026	1.680829	4416
10370.740702	1.779939	4417
10371.773422	1.641909	4418
10372.857578	1.546383	4419
10373.890525	1.620231	4420
10374.969852	1.473279	4421
10376.000773	1.901237	4422
10377.081152	1.689262	4423
10378.116956	1.653016	4424
10379.197024	2.018598	4425
10380.232535	1.777147	4426
10381.314217	1.808549	4427
10382.343191	1.653418	4428
10383.429596	1.689906	4429
10384.459666	1.700933	4430
10385.540290	1.529812	4431
10386.574223	1.883859	4432
10387.655518	1.886330	4433
10388.693954	1.696234	4434
10389.766934	1.934553	4435
10390.800614	1.670587	4436
10391.883591	1.881424	4437
10392.916841	1.754318	4438
10393.996647	1.789250	4439
10395.031938	1.803423	4440
10396.110260	1.714866	4441
10397.146878	1.775310	4442
10398.221929	1.843768	4443
10399.262961	1.990370	4444
10400.337813	1.986211	4445
10401.377794	1.718790	4446
10402.450784	1.868841	4447
10403.491204	1.680673	4448
10404.568063	1.873156	4449
10405.601868	1.722281	4450
10406.681893	1.716140	4451
10407.719971	1.832465	4452
10408.791907	1.739863	4453
10409.831152	1.785896	4454
10410.907174	1.999647	4455
10411.945136	1.801718	4456
10413.022740	1.780234	4457
10414.056317	1.590180	4458
10415.140367	1.929911	4459
10416.169792	1.839104	4460
10417.251009	1.763314	4461
10418.282640	2.052169	4462
10419.363808	1.871481	4463
10420.402085	1.895979	4464
10421.477987	1.969834	4465
10422.512195	1.765014	4466
10423.593106	2.097667	4467
10424.627915	1.649453	4468
10425.708392	2.076015	4469
10426.743464	1.731616	4470
10427.823780	1.923380	4471
10428.858021	1.734379	4472
10429.935612	1.871215	4473
10430.969952	1.842572	4474
10432.049589	1.845493	4475
10433.084847	1.860854	4476
10434.161279	1.766505	4477
10435.200049	1.924748	4478
10436.274262	1.866537	4479
10437.315453	1.980113	4480
10438.389033	1.983029	4481
10439.429660	1.974171	4482
10440.503664	2.000851	4483
10441.544787	1.815439	4484
10442.617894	2.011699	4485
10443.656902	1.759203	4486
10444.733650	2.033782	4487
10445.768834	1.780481	4488
10446.848231	1.907434	4489
10447.883846	2.003855	4490
10448.961377	1.819632	4491
10449.997258	2.110320	4492
10451.075232	2.073801	4493
10452.111922	2.014648	4494
10453.188456	2.011568	4495
10454.226472	1.909318	4496
10455.303847	2.007569	4497
10456.340763	1.880132	4498
10457.418091	2.105848	4499
10458.454616	1.906632	4500
10459.533812	2.112115	4501
10460.567322	1.868011	4502
10461.647898	1.974641	4503
10462.680216	1.928863	4504
10463.760706	1.853323	4505
10464.797191	2.046903	4506
10465.873461	1.906013	4507
10466.911433	2.172420	4508
10467.987989	2.132784	4509
10469.026176	2.005364	4510
10470.101881	2.186536	4511
10471.140716	2.081718	4512
10472.215057	2.269380	4513
10473.258314	1.987523	4514
10474.329439	2.149273	4515
10475.370055	1.922762	4516
10476.443592	2.199652	4517
10477.483453	1.893476	4518
10478.559345	2.135216	4519
10479.592641	1.897726	4520
10480.673516	1.986205	4521
10481.711054	2.019573	4522
10482.787370	1.851001	4523
10483.825538	1.998139	4524
10484.903473	2.095303	4525
10485.940707	2.250903	4526
10487.016739	2.262737	4527
10488.052745	2.200668	4528
10489.127917	2.308020	4529
10490.168374	1.642175	4530
10491.244964	2.020955	4531
10492.280352	1.778403	4532
10493.360954	1.962790	4533
10494.394486	2.029927	4534
10495.473739	2.163791	4535
10496.508439	2.105765	4536
10497.586660	1.977574	4537
10498.622594	2.166817	4538
10499.700548	2.159397	4539
10500.738154	1.994821	4540
10501.813631	1.994271	4541
10502.853777	2.150377	4542
10503.929450	2.136403	4543
10504.969605	2.057922	4544
10506.044203	2.130451	4545
10507.082879	1.862612	4546
10508.156840	2.084588	4547
10509.194507	1.925442	4548
10510.270810	1.930856	4549
10511.309728	2.106734	4550
10512.385140	1.876241	4551
10513.423536	2.154063	4552
10514.498483	2.034820	4553
10515.538773	2.187791	4554
10516.611365	2.129068	4555
10517.652328	2.167692	4556
10518.726124	2.173462	4557
10519.767579	2.037087	4558
10520.840708	2.096564	4559
10521.881395	2.058976	4560
10522.955948	2.279686	4561
10523.995331	2.084774	4562
10525.071465	2.217880	4563
10526.107812	1.995453	4564
10527.186104	2.057462	4565
10528.220219	2.073699	4566
10529.299227	1.984181	4567
10530.336212	2.185724	4568
10531.413942	2.035155	4569
10532.450350	2.158565	4570
10533.527028	2.247928	4571
10534.565755	2.166803	4572
10535.641625	2.386244	4573
10536.679376	2.025818	4574
10537.756116	2.179818	4575
10538.794422	1.914778	4576
10539.869440	2.018934	4577
10540.907041	2.151804	4578
10541.984332	2.123790	4579
10543.020240	2.336525	4580
10544.097830	2.198652	4581
10545.135392	2.189299	4582
10546.211823	2.280466	4583
10547.249915	1.916265	4584
10548.325706	2.244728	4585
10549.364833	2.029818	4586
10550.441293	2.226148	4587
10551.478847	2.050965	4588
10552.554534	2.102783	4589
10553.591255	2.260025	4590
10554.668946	2.217816	4591
10555.707360	2.266752	4592
10556.782263	2.177039	4593
10557.821230	2.070805	4594
10558.897389	2.222874	4595
10559.934404	1.942417	4596
10561.011661	2.346745	4597
10562.049598	2.062654	4598
10563.125776	2.260695	4599
10564.163509	2.028626	4600
10565.239874	2.048486	4601
10566.277921	2.109382	4602
10567.354429	2.100432	4603
10568.392265	2.282631	4604
10569.468436	2.261034	4605
10570.505650	2.201012	4606
10571.582784	2.382265	4607
10572.619752	2.083633	4608
10573.696505	2.452589	4609
10574.735467	2.049407	4610
10575.810598	2.144558	4611
10576.849191	2.186807	4612
10577.923600	2.048824	4613
10578.962702	2.413670	4614
10580.038632	2.345579	4615
10581.078066	2.321533	4616
10582.153015	2.385648	4617
10583.192460	2.228433	4618
10584.267793	2.295568	4619
10585.306742	2.027802	4620
