time (s)	energy (uJ)	charge (mC)	voltage (mV)	crossing#mod 255
13459.987803	68.611572	27.134718	2.528553	128
13461.022096	93.371231	27.137167	3.440714	129
13462.113693	63.135281	27.109011	2.328941	130
13463.148446	95.734291	27.124105	3.529491	131
13464.229146	56.936382	27.148798	2.097197	132
13465.275905	85.909843	27.153280	3.163885	133
13466.350815	62.096355	27.117186	2.289926	134
13467.417789	85.731842	27.139523	3.158930	135
13468.470907	66.859108	27.153812	2.462237	136
13469.520042	76.515274	27.130409	2.820277	137
13470.590895	67.642685	27.131718	2.493122	138
13471.642313	77.281921	27.149958	2.846484	139
13472.709198	67.639008	27.122591	2.493826	140
13473.764030	75.421539	27.126593	2.780354	141
13474.828816	64.427048	27.127119	2.375005	142
13475.882834	75.563873	27.112812	2.787017	143
13476.970709	74.164627	27.131531	2.733522	144
13478.000002	73.516380	27.131365	2.709646	145
13479.075270	61.323837	27.141460	2.259416	146
13480.115223	72.284836	27.130835	2.664306	147
13481.213068	73.673683	27.133120	2.715268	148
13482.231726	73.752548	27.124132	2.719075	149
13483.313812	60.499004	27.125647	2.230325	150
13484.353704	69.300827	27.124664	2.554901	151
13485.429801	62.052391	27.129913	2.287231	152
13486.474843	63.012970	27.090660	2.326004	153
13487.546606	61.744175	27.124636	2.276314	154
13488.598529	59.564251	27.118240	2.196465	155
13489.656346	63.021461	27.121445	2.323677	156
13490.724430	56.901287	27.141909	2.096437	157
13491.771520	59.649803	27.073284	2.203272	158
13492.844507	58.216877	27.085602	2.149366	159
13493.886308	62.156403	27.139603	2.290247	160
13494.963692	55.018791	27.128904	2.028051	161
13496.022200	75.284004	27.122593	2.775694	162
13497.079684	53.237129	27.131115	1.962217	163
13498.125562	56.622364	27.130726	2.087020	164
13499.192214	57.730038	27.113417	2.129206	165
13500.251325	48.398972	27.120329	1.784601	166
13501.304811	54.510185	27.121126	2.009879	167
13502.371522	52.269314	27.116335	1.927595	168
13503.420222	49.385048	27.129217	1.820364	169
13504.491426	53.009678	27.120136	1.954624	170
13505.532880	56.153645	27.121456	2.070451	171
13506.609949	48.014687	27.126707	1.770015	172
13507.651494	56.789032	27.117466	2.094187	173
13508.725507	45.314816	27.105032	1.671823	174
13509.768728	53.568096	27.109438	1.975994	175
13510.842665	45.262520	27.113575	1.669367	176
13511.887370	48.931496	27.112526	1.804756	177
13512.957377	47.639969	27.109301	1.757329	178
13514.003469	48.396626	27.101109	1.785780	179
13515.074407	47.025230	27.120867	1.733913	180
13516.122775	48.132549	27.109201	1.775506	181
13517.188467	44.693481	27.105410	1.648877	182
13518.243925	47.925381	27.107847	1.767952	183
13519.302346	40.183941	27.106030	1.482473	184
13520.365695	43.958206	27.111507	1.621386	185
13521.412456	46.129559	27.125202	1.700616	186
13522.483221	43.571232	27.131155	1.605948	187
13523.529674	41.460693	27.102041	1.529800	188
13524.619485	56.573097	27.114717	2.086435	189
13525.644861	41.517628	27.098505	1.532100	190
13526.717176	42.500038	27.100073	1.568263	191
13527.762398	44.013260	27.110861	1.623455	192
13528.831608	38.409473	27.097635	1.417447	193
13529.884015	43.453865	27.101227	1.603391	194
13530.943169	37.853573	27.117226	1.395924	195
13532.004142	42.046917	27.109056	1.551028	196
13533.056302	39.154377	27.094831	1.445087	197
13534.123576	39.235844	27.099169	1.447862	198
13535.172437	37.698078	27.112469	1.390433	199
13536.239278	40.341610	27.112278	1.487946	200
13537.304873	47.745106	27.124603	1.760214	201
13538.357359	40.589535	27.098080	1.497875	202
13539.399480	39.340397	27.094692	1.451960	203
13540.475310	37.885544	27.106249	1.397668	204
13541.515938	40.885033	27.101372	1.508597	205
13542.589737	35.376743	27.100311	1.305400	206
13543.634731	38.449688	27.105289	1.418531	207
13544.706103	34.755379	27.068739	1.283967	208
13545.750336	36.772987	27.108221	1.356525	209
13546.821713	36.596176	27.113548	1.349738	210
13547.866204	34.666676	27.104900	1.278982	211
13548.956839	46.518745	27.110157	1.715916	212
13549.983011	34.025627	27.115562	1.254838	213
13551.054733	34.871204	27.099689	1.286775	214
13552.098403	36.207321	27.094168	1.336351	215
13553.169458	34.342087	27.100698	1.267203	216
13554.213513	36.151871	27.107557	1.333646	217
13555.285596	34.250511	27.102177	1.263755	218
13556.329670	33.176830	27.106455	1.223946	219
13557.403571	32.928284	27.110691	1.214587	220
13558.445237	33.346249	27.105694	1.230230	221
13559.516218	34.984528	27.106670	1.290624	222
13560.563674	32.027557	27.117023	1.181087	223
13561.632174	33.049061	27.099819	1.219531	224
13562.681020	31.430122	27.096100	1.159950	225
13563.746888	30.756968	27.104464	1.134757	226
13564.800868	29.869087	27.102615	1.102074	227
13565.857218	34.305492	27.108984	1.265466	228
13566.919122	30.248489	27.103237	1.116047	229
13567.970294	31.949295	27.095570	1.179134	230
13569.037419	31.301750	27.104927	1.154836	231
13570.085105	28.732672	27.100742	1.060217	232
13571.174662	40.425583	27.108435	1.491255	233
13572.198807	30.276922	27.087187	1.117758	234
13573.272162	30.181932	27.106901	1.113441	235
13574.315662	29.185595	27.096058	1.077116	236
13575.404848	41.049686	27.126242	1.513283	237
13576.432766	28.453207	27.094927	1.050130	238
13577.498644	30.456276	27.110186	1.123426	239
13578.553210	25.656736	27.097868	0.946818	240
13579.612694	29.373743	27.093246	1.084172	241
13580.672345	25.982439	27.107113	0.958510	242
13581.726294	27.735823	27.118101	1.022779	243
13582.787678	27.580694	27.088793	1.018159	244
13583.839872	29.253777	27.089844	1.079880	245
13584.905638	27.148401	27.082935	1.002417	246
13585.955034	28.212357	27.109671	1.040675	247
13587.020236	26.782520	27.081608	0.988956	248
13588.071120	27.503136	27.101000	1.014838	249
13589.136927	25.280613	27.113249	0.932408	250
13590.185133	27.557598	27.067734	1.018098	251
13591.250224	27.175806	27.088289	1.003231	252
13592.301119	28.272814	27.059565	1.044836	253
13593.365664	27.145327	27.094948	1.001859	254
13594.417840	28.631298	27.093803	1.056747	255
13595.478881	26.099966	27.106947	0.962852	0
13596.536179	28.228333	27.109509	1.041270	1
13597.591942	24.926302	27.091854	0.920066	2
13598.654167	28.462910	27.094048	1.050523	3
13599.706045	24.131075	27.105925	0.890251	4
13600.774069	26.575571	27.092592	0.980917	5
13601.817340	25.956697	27.098248	0.957874	6
13602.889289	27.151613	27.096849	1.002021	7
13603.933100	25.957443	27.105976	0.957628	8
13605.004227	27.013172	27.087515	0.997256	9
13606.051378	25.107718	27.097879	0.926557	10
13607.119813	25.024546	27.062771	0.924685	11
13608.166974	26.343853	27.114750	0.971569	12
13609.231018	25.599266	27.079712	0.945330	13
13610.303647	35.754959	27.092884	1.319718	14
13611.344548	25.694641	27.095364	0.948304	15
13612.404394	25.399609	27.108072	0.936976	16
13613.458985	24.116177	27.091932	0.890161	17
13614.519959	24.759758	27.095375	0.913800	18
13615.573861	23.293634	27.091833	0.859803	19
13616.636857	25.370016	27.090940	0.936476	20
13617.686218	24.756971	27.091692	0.913822	21
13618.754780	25.825096	27.091427	0.953257	22
13619.800740	24.112186	27.108391	0.889473	23
13620.869925	25.243755	27.095743	0.931650	24
13621.915813	24.536707	27.100645	0.905392	25
13622.985315	25.330385	27.070360	0.935724	26
13624.031691	23.305208	27.075867	0.860737	27
13625.102663	24.469723	27.093660	0.903153	28
13626.147700	22.470638	27.054640	0.830565	29
13627.217222	24.303032	27.054274	0.898307	30
13628.262005	22.328514	27.089659	0.824245	31
13629.332143	25.143312	27.112812	0.927359	32
13630.376896	23.454079	27.085083	0.865941	33
13631.447393	24.960497	27.089918	0.921394	34
13632.492632	23.248388	27.081306	0.858466	35
13633.563248	23.854176	27.092628	0.880467	36
13634.609474	22.701138	27.074972	0.838455	37
13635.677823	23.494318	27.100451	0.866935	38
13636.726674	21.203386	27.099144	0.782438	39
13637.791196	24.950769	27.102480	0.920608	40
13638.841446	22.760679	27.104786	0.839729	41
13639.906834	23.446321	27.089893	0.865501	42
13640.959353	21.294489	27.105824	0.785606	43
13642.020170	23.488491	27.087536	0.867133	44
13643.076071	22.205034	27.101492	0.819329	45
13644.133522	23.382351	27.087551	0.863214	46
13645.192276	23.152092	27.074041	0.855140	47
13646.247582	21.689234	27.100239	0.800334	48
13647.311706	21.800318	27.058439	0.805675	49
13648.380138	30.439514	27.078030	1.124141	50
13649.428098	22.438131	27.073391	0.828789	51
13650.475446	20.835663	27.079622	0.769422	52
13651.543026	23.389751	27.096249	0.863210	53
13652.588332	21.906845	27.086695	0.808768	54
13653.660270	22.611826	27.087072	0.834783	55
13654.704185	21.179956	27.058084	0.782759	56
13655.774090	23.776741	27.083464	0.877906	57
13656.820371	20.943426	27.085049	0.773247	58
13657.887945	22.934490	27.080276	0.846908	59
13658.937218	21.243019	27.058228	0.785085	60
13660.001089	22.929565	27.109547	0.845811	61
13661.055970	20.441742	27.105709	0.754149	62
13662.114612	23.094185	27.077770	0.852884	63
13663.171197	21.252485	27.100834	0.784200	64
13664.229516	21.308928	27.093876	0.786485	65
13665.288075	20.638083	27.094488	0.761708	66
13666.343413	22.036270	27.047304	0.814731	67
13667.403520	20.234230	27.085491	0.747051	68
13668.457315	23.172880	27.092073	0.855338	69
13669.519867	20.696198	27.102072	0.763639	70
13670.573676	22.277031	27.075710	0.822768	71
13671.636232	19.846130	27.107994	0.732114	72
13672.691814	21.007730	27.093763	0.775371	73
13673.749363	20.070660	27.081444	0.741122	74
13674.807055	21.343555	27.078478	0.788211	75
13675.862882	19.650871	27.099401	0.725140	76
13676.922382	22.731602	27.057335	0.840127	77
13677.977122	18.818962	27.080971	0.694915	78
13679.038217	23.798882	27.082672	0.878749	79
13680.090713	19.023367	27.093779	0.702130	80
13681.176899	29.797668	27.081701	1.100288	81
13682.204213	19.523338	27.095329	0.720543	82
13683.272068	22.837109	27.087524	0.843086	83
13684.318339	19.342447	27.081701	0.714226	84
13685.388980	22.307133	27.084616	0.823609	85
13686.433202	19.876501	27.089153	0.733744	86
13687.504387	21.106867	27.074802	0.779576	87
13688.569052	28.445597	27.098192	1.049723	88
13689.616720	21.481380	27.072206	0.793485	89
13690.667653	19.226810	27.074255	0.710151	90
13691.732416	19.874908	27.080017	0.733933	91
13692.783519	19.566002	27.099958	0.721994	92
13693.846429	20.035242	27.080576	0.739838	93
13694.899823	20.311327	27.099905	0.749498	94
13695.961135	18.890520	27.088802	0.697355	95
13697.017046	19.342236	27.079063	0.714288	96
13698.075288	18.102404	27.085991	0.668331	97
13699.132679	19.987249	27.075573	0.738202	98
13700.188320	19.118977	27.075352	0.706140	99
13701.248667	20.082977	27.087545	0.741410	100
13702.303480	18.507397	27.055019	0.684065	101
13703.384213	28.129814	27.083139	1.038647	102
13704.417953	18.698862	27.083813	0.690407	103
13705.479844	19.968538	27.082205	0.737331	104
13706.533021	19.063663	27.068832	0.704266	105
13707.596066	19.332930	27.076054	0.714023	106
13708.647754	18.556490	27.089933	0.684996	107
13709.712059	18.323051	27.070726	0.676859	108
13710.762332	18.793524	27.082642	0.693932	109
13711.825680	19.320581	27.047789	0.714313	110
13712.878743	16.722963	27.101505	0.617049	111
13713.941779	18.896969	27.095091	0.697432	112
13714.994025	18.541763	27.076258	0.684798	113
13716.054899	19.671461	27.085688	0.726268	114
13717.110670	18.103256	27.089655	0.668272	115
13718.170670	19.391207	27.083698	0.715973	116
13719.226327	19.225418	27.084698	0.709826	117
13720.284676	18.734138	27.038355	0.692873	118
13721.341731	19.286768	27.090136	0.711948	119
13722.397802	19.512129	27.075562	0.720655	120
13723.459277	17.815613	27.083878	0.657794	121
13724.512765	18.857540	27.083471	0.696275	122
13725.576263	18.807653	27.085047	0.694393	123
13726.626437	17.786543	27.077394	0.656878	124
13727.692496	19.680557	27.084911	0.726624	125
13728.739865	18.054220	27.090425	0.666443	126
13729.810006	18.887459	27.090792	0.697191	127
13730.854254	16.923674	27.083780	0.624864	128
13731.925159	18.749865	27.076942	0.692466	129
13732.968967	18.579613	27.096321	0.685688	130
13734.040392	18.945347	27.058294	0.700168	131
13735.085108	17.219589	27.090216	0.635639	132
13736.154143	18.706299	27.044615	0.691683	133
13737.202160	15.936291	27.077843	0.588536	134
13738.266946	19.596903	27.087849	0.723457	135
13739.317726	17.153622	27.087120	0.633276	136
13740.382509	19.234089	27.090801	0.709986	137
13741.438039	14.619246	27.069643	0.540061	138
13742.496597	19.040125	27.082203	0.703049	139
13743.551956	16.801256	27.068195	0.620701	140
13744.611710	18.766201	27.082867	0.692918	141
13745.667481	16.450169	27.078211	0.607506	142
13746.724534	19.439308	27.090296	0.717575	143
13747.782599	16.611998	27.085173	0.613324	144
13748.839012	19.013212	27.037891	0.703206	145
13749.898104	17.084787	27.069948	0.631135	146
13750.954959	18.616409	27.076740	0.687543	147
13752.013373	17.540829	27.085323	0.647614	148
13753.070538	18.674994	27.078674	0.689657	149
13754.127693	16.601772	27.067808	0.613340	150
13755.187012	17.592787	27.086754	0.649498	151
13756.241267	16.907757	27.083101	0.624292	152
13757.302751	18.570024	27.077805	0.685802	153
13758.355019	16.735102	27.066116	0.618305	154
13759.419195	18.073080	27.071686	0.667601	155
13760.469667	15.995746	27.093554	0.590389	156
13761.535459	19.519611	27.077312	0.720884	157
13762.584462	14.784465	27.073757	0.546081	158
13763.650727	19.299009	27.073532	0.712837	159
13764.698549	15.511989	27.079359	0.572834	160
13765.767352	19.063501	27.039734	0.705018	161
13766.812348	16.136816	27.067081	0.596179	162
13767.882225	17.998898	27.085358	0.664525	163
13768.928267	16.269241	27.083010	0.600718	164
13769.996863	19.130445	27.072685	0.706633	165
13771.044248	16.470079	27.068846	0.608451	166
13772.112795	16.914497	27.062357	0.625019	167
