crossing time (s)	slope (V/s)	crossing number
12586.764845	1.116188	6475
12587.786206	1.220676	6476
12588.818469	2.500665	6477
12589.920758	0.785066	6478
12590.929144	2.188043	6479
12592.065048	0.079428	6480
12593.061554	2.092118	6481
12594.217489	0.609511	6482
12595.197258	1.376311	6483
12596.363822	1.108418	6484
12597.360830	1.894040	6485
12598.482933	2.002976	6486
12599.509184	1.464914	6487
12600.591303	1.878736	6488
12601.641307	2.016580	6489
12602.712009	2.457041	6490
12603.769075	2.279141	6491
12604.825887	2.681324	6492
12605.897192	2.483921	6493
12606.940534	2.608964	6494
12608.018004	2.576645	6495
12609.058768	2.746785	6496
12610.138035	2.452919	6497
12611.177384	2.967294	6498
12612.260048	2.572212	6499
12613.300158	3.157753	6500
12614.379989	2.573290	6501
12615.423419	3.342020	6502
12616.506399	2.630376	6503
12617.547446	3.548214	6504
12618.629690	3.142635	6505
12619.668484	3.551453	6506
12620.744935	3.362289	6507
12621.786119	3.307223	6508
12622.857974	3.315928	6509
12623.913399	3.191645	6510
12624.977279	3.312772	6511
12626.035875	3.413124	6512
12627.102840	3.295471	6513
12628.155691	3.771555	6514
12629.219736	3.631085	6515
12630.271072	4.025012	6516
12631.338517	3.751466	6517
12632.378391	3.813638	6518
12633.454194	3.866793	6519
12634.501804	3.752540	6520
12635.570991	3.846077	6521
12636.621886	4.008642	6522
12637.690075	3.762655	6523
12638.737660	4.448177	6524
12639.811530	3.551874	6525
12640.846266	4.354460	6526
12641.931994	4.057424	6527
12642.967848	4.042904	6528
12644.042266	4.090959	6529
12645.098349	3.926896	6530
12646.162894	4.119350	6531
12647.219214	4.368279	6532
12648.275560	4.447393	6533
12649.331779	4.568046	6534
12650.385215	4.298976	6535
12651.450457	4.116313	6536
12652.507766	4.148920	6537
12653.572367	4.130271	6538
12654.621510	4.812643	6539
12655.689380	4.487809	6540
12656.741733	4.830097	6541
12657.807806	4.695121	6542
12658.847523	4.491196	6543
12659.922811	4.288329	6544
12660.965702	4.739168	6545
12662.036939	4.487303	6546
12663.090053	5.021602	6547
12664.163267	4.427302	6548
12665.197068	4.826024	6549
12666.277705	4.735820	6550
12667.312668	4.671336	6551
12668.387197	4.616474	6552
12669.436781	4.811475	6553
12670.505494	4.564766	6554
12671.554923	5.192022	6555
12672.624301	4.917038	6556
12673.663237	4.715676	6557
12674.737200	4.523339	6558
12675.789494	4.834624	6559
12676.855281	4.595847	6560
12677.909564	5.238255	6561
12678.968685	5.195987	6562
12680.021855	4.923061	6563
12681.082994	5.031700	6564
12682.136524	4.759555	6565
12683.198383	4.835467	6566
12684.261700	4.827321	6567
12685.313733	4.979337	6568
12686.377983	4.625379	6569
12687.425123	5.298735	6570
12688.489255	4.965371	6571
12689.537393	5.298806	6572
12690.614768	5.057393	6573
12691.654333	5.095387	6574
12692.733115	5.285570	6575
12693.765331	5.234351	6576
12694.841392	4.911486	6577
12695.885745	5.193527	6578
12696.955190	4.749507	6579
12698.010683	5.487225	6580
12699.078498	5.095374	6581
12700.121922	5.384416	6582
12701.188761	5.363570	6583
12702.236313	5.149554	6584
12703.304291	4.952240	6585
12704.355471	5.341448	6586
12705.420917	4.959850	6587
12706.474941	5.459679	6588
12707.538286	5.204589	6589
12708.588753	5.595910	6590
12709.654210	5.474679	6591
12710.697707	5.335647	6592
12711.767689	5.245771	6593
12712.816946	5.369931	6594
12713.883844	5.184181	6595
12714.924614	5.772914	6596
12716.001698	5.594930	6597
12717.045256	5.667640	6598
12718.115810	5.503242	6599
12719.161109	5.431744	6600
12720.232230	5.147744	6601
12721.277952	5.713502	6602
12722.349580	5.292554	6603
12723.396468	5.730603	6604
12724.463564	5.646886	6605
12725.511473	5.472618	6606
12726.576503	5.645698	6607
12727.630742	5.289631	6608
12728.694158	5.331532	6609
12729.749102	5.819335	6610
12730.805941	5.630948	6611
12731.863718	5.806966	6612
12732.917164	5.790821	6613
12733.979318	5.365988	6614
12735.035712	5.666707	6615
12736.094672	5.443140	6616
12737.155904	5.489980	6617
12738.214707	5.641780	6618
12739.267008	5.846500	6619
12740.332199	5.826455	6620
12741.375620	5.824563	6621
12742.440524	5.558253	6622
12743.496119	5.549441	6623
12744.559441	5.373541	6624
12745.615345	5.889590	6625
12746.675550	5.799013	6626
12747.726518	5.839906	6627
12748.789415	5.761904	6628
12749.843089	5.490502	6629
12750.908025	5.536061	6630
12751.963503	5.928684	6631
12753.020214	5.804484	6632
12754.078178	5.997729	6633
12755.131740	5.729602	6634
12756.192497	5.671991	6635
12757.247667	5.812451	6636
12758.307252	5.755932	6637
12759.366138	5.565376	6638
12760.429377	5.510338	6639
12761.477280	6.065329	6640
12762.546486	5.649082	6641
12763.586522	6.046306	6642
12764.656899	5.891443	6643
12765.705832	5.664005	6644
12766.774170	5.557114	6645
12767.822159	6.077450	6646
12768.890957	5.855000	6647
12769.937349	6.032111	6648
12771.008981	5.859768	6649
12772.050708	6.164009	6650
12773.119245	5.954162	6651
12774.166204	6.077433	6652
12775.232357	5.728947	6653
12776.286042	5.955205	6654
12777.354407	5.772597	6655
12778.399811	6.223467	6656
12779.468117	6.139945	6657
12780.512041	6.072148	6658
12781.578661	5.886993	6659
12782.629995	5.978397	6660
12783.695443	5.857420	6661
12784.749931	6.052339	6662
12785.814107	5.864397	6663
12786.861688	6.308029	6664
12787.930007	6.011223	6665
12788.972026	6.134059	6666
12790.041892	5.889907	6667
12791.089924	6.048822	6668
12792.157356	5.906079	6669
12793.206111	6.139500	6670
12794.274435	5.725309	6671
12795.320990	6.302855	6672
12796.392183	5.863844	6673
12797.434367	6.259128	6674
12798.505186	6.108225	6675
12799.549637	6.208876	6676
12800.617651	6.119153	6677
12801.666607	6.064911	6678
12802.733003	6.004653	6679
12803.784329	5.932652	6680
12804.847399	5.976006	6681
12805.903662	6.023348	6682
12806.962835	5.954078	6683
12808.018687	6.189633	6684
12809.078161	6.160670	6685
12810.134698	6.232750	6686
12811.192281	6.366409	6687
12812.246867	6.208811	6688
12813.304971	6.280896	6689
12814.363147	6.177378	6690
12815.419784	6.137312	6691
12816.478390	5.837873	6692
12817.536633	6.078890	6693
12818.597705	5.956880	6694
12819.652663	6.162563	6695
12820.712722	6.211802	6696
12821.767998	6.282572	6697
12822.825766	6.265596	6698
12823.881010	6.222951	6699
12824.939276	6.074340	6700
12825.996716	6.003226	6701
12827.055543	6.154504	6702
12828.116253	5.806219	6703
12829.176410	6.386718	6704
12830.236161	6.458434	6705
12831.282728	6.673091	6706
12832.346362	6.694185	6707
12833.390889	6.538395	6708
12834.463488	6.505337	6709
12835.506260	5.818707	6710
12836.576847	6.201347	6711
12837.626595	6.522773	6712
12838.695806	6.084313	6713
12839.742739	6.671497	6714
12840.810218	6.346145	6715
12841.855925	6.379432	6716
12842.925797	6.437617	6717
12843.970827	6.173219	6718
12845.039882	6.351486	6719
12846.085050	6.349712	6720
12847.152897	6.291525	6721
12848.201661	6.247731	6722
12849.269084	6.073576	6723
12850.320255	6.426263	6724
12851.386434	6.330925	6725
12852.433264	6.519827	6726
12853.500010	6.385047	6727
12854.545907	6.239142	6728
12855.614835	6.000115	6729
12856.666267	6.423011	6730
12857.731663	6.241371	6731
12858.778105	6.653181	6732
12859.846702	6.491353	6733
12860.892348	6.309560	6734
12861.962313	6.391877	6735
12863.006597	6.274091	6736
12864.074261	6.155616	6737
12865.123300	6.454600	6738
12866.190956	6.033397	6739
12867.240005	6.696525	6740
12868.308926	6.490557	6741
12869.351738	6.472753	6742
12870.422487	6.370098	6743
12871.467398	6.254611	6744
12872.536613	6.018323	6745
12873.585737	6.399121	6746
12874.652549	6.098182	6747
12875.703664	6.664301	6748
12876.767887	6.632250	6749
12877.815519	6.476190	6750
12878.880983	6.410891	6751
12879.930849	6.083056	6752
12880.997529	6.109987	6753
12882.050190	6.560540	6754
12883.110605	6.402396	6755
12884.164856	6.737755	6756
12885.221386	6.475558	6757
12886.277582	6.238766	6758
12887.339426	6.370579	6759
12888.394206	6.124012	6760
12889.456974	6.247430	6761
12890.511871	6.472133	6762
12891.571092	6.402248	6763
12892.626920	6.577293	6764
12893.682797	6.572090	6765
12894.739736	6.327259	6766
12895.798257	6.546240	6767
12896.853662	6.240616	6768
