time (s)	theta (A)	maj axis/z0	min axis/z0	crossing#mod 255
11992.583916	191.039658	0.758435	0.244333	27
11994.708056	190.311813	0.759700	0.243703	29
11996.828210	189.660660	0.764496	0.243802	31
11998.946361	189.071381	0.769102	0.244328	33
12001.062877	189.546875	0.773582	0.243623	35
12003.172130	190.596954	0.779725	0.242717	37
12005.283596	191.464996	0.782590	0.240956	39
12007.393259	192.251389	0.780635	0.238283	41
12009.506595	12.746032	-0.779695	-0.235275	43
12011.624345	192.423767	0.779917	0.232608	45
12013.747455	11.857986	-0.784029	-0.230994	47
12015.869663	11.319785	-0.786833	-0.230608	49
12017.986040	10.960467	-0.790413	-0.230263	51
12020.104253	10.728369	-0.795134	-0.229676	53
12022.222873	190.356125	0.796908	0.229210	55
12024.338371	10.444921	-0.800618	-0.227855	57
12026.452528	191.033615	0.801919	0.225996	59
12028.565736	191.659988	0.808270	0.224202	61
12030.676290	192.598373	0.809447	0.222966	63
12032.788313	193.837753	0.812078	0.221642	65
12034.899605	194.486084	0.811547	0.221332	67
12037.015606	194.633942	0.810052	0.221269	69
12039.135033	194.003387	0.813377	0.221239	71
12041.256258	192.890991	0.814709	0.221898	73
12043.377254	191.942093	0.819481	0.221302	75
12045.497456	191.238998	0.823558	0.220484	77
12047.614721	191.026382	0.826823	0.219270	79
12049.729638	191.208923	0.830310	0.217062	81
12051.843066	191.924911	0.830869	0.214648	83
12053.956670	192.687317	0.834839	0.212479	85
12056.070125	193.141693	0.834948	0.210980	87
12058.183259	193.428757	0.837113	0.209872	89
12060.299090	193.700241	0.837084	0.209047	91
12062.416275	193.721786	0.840856	0.208111	93
12064.532580	193.391296	0.840746	0.207758	95
12066.649530	193.284225	0.843297	0.207382	97
12068.767740	193.105667	0.845501	0.207158	99
12070.886655	192.742355	0.847329	0.207687	101
12073.002575	192.748154	0.849874	0.207839	103
12075.117597	192.935120	0.854607	0.208497	105
12077.230362	193.326294	0.856054	0.208501	107
12079.341318	193.965652	0.860065	0.207671	109
12081.453065	194.781082	0.859020	0.206562	111
12083.563160	195.486176	0.859594	0.204596	113
12085.675633	195.794754	0.857737	0.202868	115
12087.792695	195.790710	0.859487	0.200660	117
12089.911581	195.553909	0.859566	0.199016	119
12092.028970	195.276413	0.861670	0.197787	121
12094.146937	194.947662	0.865518	0.197095	123
12096.265560	194.705383	0.867886	0.197241	125
12098.382743	194.575867	0.869128	0.197171	127
12100.497952	194.589859	0.872350	0.196608	129
12102.611057	194.759491	0.872806	0.196117	131
12104.725138	195.316559	0.875674	0.195224	133
12106.838214	195.972733	0.875020	0.194395	135
12108.949036	196.700653	0.875357	0.194187	137
12111.062927	197.093796	0.875044	0.193949	139
12113.178120	197.361176	0.873566	0.194469	141
12115.294286	197.233719	0.875981	0.195215	143
12117.412334	196.618912	0.876073	0.195849	145
12119.532211	195.949692	0.878257	0.196029	147
12121.651722	195.310898	0.880687	0.196107	149
12123.770194	194.771988	0.883952	0.195720	151
12125.886828	194.400024	0.885911	0.195219	153
12128.003321	194.478821	0.887949	0.193974	155
12130.118902	194.578690	0.891485	0.192601	157
12132.233901	194.607040	0.891235	0.191525	159
12134.348939	194.895676	0.891195	0.190325	161
12136.462204	195.269913	0.893058	0.189091	163
12138.577566	195.445831	0.896382	0.188340	165
12140.693808	195.375061	0.896685	0.187930	167
12142.809158	195.400055	0.895650	0.187476	169
12144.924611	195.553268	0.898400	0.187005	171
12147.041224	195.487122	0.899833	0.187061	173
12149.157416	195.435394	0.898707	0.187274	175
12151.271564	195.607559	0.901652	0.187544	177
12153.386086	195.894958	0.904483	0.187589	179
12155.500952	196.123184	0.904202	0.187816	181
12157.612134	196.601639	0.906039	0.187574	183
12159.725159	197.208008	0.907637	0.187259	185
12161.836169	197.729507	0.906648	0.186766	187
12163.948642	198.108307	0.908680	0.185829	189
12166.062715	198.492493	0.904765	0.184247	191
12168.176194	198.761505	0.905275	0.182716	193
12170.292401	198.580551	0.905865	0.181382	195
12172.410455	198.536057	0.905468	0.180274	197
12174.526754	198.391724	0.909424	0.179463	199
12176.644528	198.219330	0.909652	0.178929	201
12178.760685	198.120300	0.909372	0.178436	203
12180.875613	198.146637	0.910993	0.178752	205
12182.991723	198.316711	0.914522	0.178623	207
12185.104526	198.577713	0.914324	0.179008	209
12187.218235	198.970886	0.916700	0.178622	211
12189.330920	199.345566	0.916163	0.178500	213
12191.444866	199.687256	0.914558	0.178759	215
12193.560162	200.082504	0.915323	0.179136	217
12195.675020	200.083847	0.915758	0.179517	219
12197.790802	199.768448	0.916618	0.180244	221
12199.909681	199.390533	0.915269	0.180964	223
12202.027077	199.054276	0.918003	0.180783	225
12204.144168	198.573471	0.919302	0.180949	227
12206.261951	198.266861	0.919120	0.180717	229
12208.379081	198.060165	0.921741	0.180244	231
12210.495692	197.860519	0.922973	0.179818	233
12212.612075	197.744537	0.923192	0.179397	235
12214.727506	197.741806	0.926459	0.178999	237
12216.842589	197.749023	0.927625	0.178847	239
12218.957895	197.815399	0.925785	0.178243	241
12221.073650	198.004547	0.928036	0.177667	243
12223.188718	197.945770	0.929891	0.177475	245
12225.302992	198.172226	0.928897	0.177408	247
12227.418275	198.371964	0.932587	0.177066	249
12229.533178	198.350159	0.931896	0.177453	251
12231.647243	198.610138	0.931569	0.177580	253
12233.761581	199.004944	0.933856	0.177250	255
12235.875435	199.246185	0.935952	0.177319	1
12237.988840	199.481537	0.934012	0.177515	3
12240.101150	199.900925	0.934992	0.177087	5
12242.214772	200.372208	0.936465	0.176521	7
12244.326745	200.770172	0.933832	0.175903	9
12246.440098	201.069077	0.935791	0.175065	11
12248.554034	201.266388	0.932351	0.174025	13
12250.668176	201.593445	0.932664	0.172719	15
12252.782836	201.495346	0.934941	0.171448	17
12254.899554	201.342346	0.933555	0.170611	19
12257.016037	201.393906	0.933145	0.170099	21
12259.131735	201.284683	0.938280	0.169818	23
12261.248467	201.092789	0.937618	0.169851	25
12263.364388	201.255951	0.939231	0.169816	27
12265.478753	201.280640	0.943046	0.169903	29
12267.594048	201.460632	0.943269	0.170164	31
12269.707610	201.829727	0.942094	0.170009	33
12271.821346	201.982666	0.943112	0.169869	35
12273.935829	202.319199	0.943329	0.170198	37
12276.049708	202.591324	0.942939	0.170811	39
12278.164129	202.744812	0.942606	0.171085	41
12280.279305	202.594894	0.943577	0.171514	43
12282.396114	202.482956	0.943111	0.172085	45
12284.512958	202.304581	0.941817	0.172015	47
12286.629701	202.070709	0.943454	0.172027	49
12288.746296	201.716370	0.945006	0.172373	51
12290.862996	201.544144	0.946904	0.172580	53
12292.980642	201.301559	0.948256	0.172395	55
12295.097011	201.198242	0.948040	0.172783	57
12297.212221	201.000244	0.949117	0.172960	59
12299.327532	201.131531	0.948006	0.172712	61
12301.443762	201.113388	0.950826	0.172694	63
