crossing time (s)	slope (V/s)	crossing number
10852.139417	3.695137	4859
10853.214229	4.274119	4860
10854.249931	3.345594	4861
10855.329405	4.577479	4862
10856.373737	4.998748	4863
10857.437424	4.469880	4864
10858.494078	4.692340	4865
10859.546001	4.156292	4866
10860.608503	5.094127	4867
10861.670749	5.457377	4868
10862.728490	4.786021	4869
10863.792464	5.810994	4870
10864.840635	6.148564	4871
10865.906913	5.586573	4872
10866.964856	6.331426	4873
10868.011359	5.486263	4874
10869.080658	6.474323	4875
10870.140211	6.691310	4876
10871.190923	5.260440	4877
10872.262672	7.440924	4878
10873.314362	7.373276	4879
10874.375594	6.417615	4880
10875.434801	7.524177	4881
10876.485545	7.768553	4882
10877.553408	6.831192	4883
10878.604478	8.708020	4884
10879.669370	7.882908	4885
10880.724123	7.474120	4886
10881.779085	8.237078	4887
10882.845792	8.472606	4888
10883.896738	7.487454	4889
10884.965205	8.966673	4890
10886.013680	9.234325	4891
10887.081698	8.613936	4892
10888.132188	9.249574	4893
10889.198519	9.493594	4894
10890.249220	10.060466	4895
10891.314008	9.286444	4896
10892.368036	9.434270	4897
10893.428074	10.351302	4898
10894.489035	10.246475	4899
10895.542277	10.651332	4900
10896.607716	10.487295	4901
10897.657690	10.485371	4902
10898.724538	10.828638	4903
10899.777916	11.688428	4904
10900.835722	11.338258	4905
10901.900142	11.337739	4906
10902.949685	12.151276	4907
10904.015186	10.967623	4908
10905.071869	11.694128	4909
10906.127022	12.836847	4910
10907.192249	11.913964	4911
10908.242393	13.006917	4912
10909.306048	12.867164	4913
10910.363603	12.718251	4914
10911.418167	13.281410	4915
10912.483365	13.251288	4916
10913.533368	13.062162	4917
10914.598662	13.338554	4918
10915.653518	13.673675	4919
10916.710589	14.165032	4920
10917.773885	13.947128	4921
10918.824748	14.658713	4922
10919.891481	14.363662	4923
10920.942049	14.557598	4924
10922.006646	14.297787	4925
10923.058500	14.783455	4926
10924.122628	14.665142	4927
10925.176032	15.405654	4928
10926.238885	15.499752	4929
10927.292283	15.008118	4930
10928.355152	15.490907	4931
10929.408578	15.706414	4932
10930.471554	15.582651	4933
10931.523879	15.892709	4934
10932.589507	15.941446	4935
10933.639679	16.806397	4936
10934.705504	16.327591	4937
10935.756394	17.085937	4938
10936.819709	16.577535	4939
10937.875706	16.726798	4940
10938.932803	16.682460	4941
10939.994105	16.859826	4942
10941.045463	16.938782	4943
10942.111572	17.446210	4944
10943.162229	17.683088	4945
10944.225986	17.302777	4946
10945.282510	17.966512	4947
10946.338345	17.657983	4948
10947.402329	17.557642	4949
10948.452458	18.350421	4950
10949.516312	17.733226	4951
10950.571041	18.299645	4952
10951.629273	18.538448	4953
10952.691078	18.402671	4954
10953.744492	18.950027	4955
10954.809415	18.934426	4956
10955.859916	18.813231	4957
10956.924729	18.855593	4958
10957.977742	18.930429	4959
10959.037248	18.945546	4960
10960.095989	18.905644	4961
10961.151349	19.294963	4962
10962.212314	19.351029	4963
10963.267990	19.817660	4964
10964.329852	19.867383	4965
10965.384036	19.985195	4966
10966.447304	19.789790	4967
10967.499485	19.804082	4968
10968.561983	19.678151	4969
10969.615096	20.065011	4970
10970.674819	20.275760	4971
10971.732894	20.130986	4972
10972.790393	20.684051	4973
10973.852132	20.817266	4974
10974.906520	20.540128	4975
10975.969250	20.586845	4976
10977.020323	20.612890	4977
10978.086091	20.662894	4978
10979.136558	20.994046	4979
10980.198531	20.803193	4980
10981.256078	20.855978	4981
10982.311577	21.704654	4982
10983.375241	21.127912	4983
10984.427467	21.828805	4984
10985.491996	21.535798	4985
10986.544404	21.272567	4986
10987.604379	21.389016	4987
10988.663061	21.290957	4988
10989.718563	21.612321	4989
10990.781259	21.688677	4990
10991.831611	21.932528	4991
10992.897866	21.941185	4992
10993.948342	22.217108	4993
10995.013799	21.968741	4994
10996.066409	22.015768	4995
10997.127465	21.865828	4996
10998.182636	21.892777	4997
10999.241543	22.459619	4998
11000.299675	22.182387	4999
11001.358414	22.757510	5000
11002.417190	22.567308	5001
11003.474209	22.503329	5002
11004.532543	22.443992	5003
11005.590366	22.486502	5004
11006.645949	22.526430	5005
11007.707164	22.816875	5006
11008.761777	23.012166	5007
11009.824177	22.988959	5008
11010.878060	23.267854	5009
11011.942209	23.338503	5010
11012.993066	23.365416	5011
11014.059664	23.607528	5012
11015.110575	22.745505	5013
11016.170117	22.901016	5014
11017.227175	23.286101	5015
11018.286249	23.521521	5016
11019.346010	23.244428	5017
11020.399234	23.919551	5018
11021.462871	23.760748	5019
11022.515134	24.209146	5020
11023.580188	24.029885	5021
11024.631987	23.932867	5022
11025.693420	23.665454	5023
11026.751521	23.753961	5024
11027.806049	23.895906	5025
11028.869088	23.697126	5026
11029.920244	24.240528	5027
11030.986257	24.162771	5028
11032.036571	24.338629	5029
11033.103235	24.346089	5030
11034.152352	24.020358	5031
11035.217542	24.105763	5032
11036.268294	24.540785	5033
11037.333032	24.439591	5034
11038.385428	24.807809	5035
11039.448326	24.601158	5036
11040.502781	24.714294	5037
11041.566086	24.586672	5038
11042.617353	24.543419	5039
11043.681364	24.457154	5040
11044.732777	24.631365	5041
11045.797491	24.654151	5042
11046.847367	24.912251	5043
11047.914828	25.029964	5044
11048.963901	25.196999	5045
11050.031795	24.943768	5046
11051.081550	25.299141	5047
11052.146318	24.839155	5048
11053.198575	24.995116	5049
11054.259312	25.157127	5050
11055.317241	24.908708	5051
11056.374056	25.261819	5052
11057.434411	25.046314	5053
11058.488647	25.096256	5054
11059.552159	25.250186	5055
11060.602957	25.299832	5056
11061.667352	25.283211	5057
11062.719448	25.594642	5058
11063.781778	25.404519	5059
11064.838271	25.488630	5060
11065.894841	25.810510	5061
11066.957101	25.612345	5062
11068.010698	25.978762	5063
11069.074060	25.681007	5064
11070.126281	25.632543	5065
11071.190878	25.819443	5066
11072.241410	25.543110	5067
11073.307471	25.792079	5068
11074.356255	25.890464	5069
11075.423519	25.914145	5070
11076.472733	26.120535	5071
11077.537561	25.912839	5072
11078.589308	26.383053	5073
11079.653845	25.789752	5074
11080.706011	26.201505	5075
11081.770623	25.734657	5076
11082.821418	25.992379	5077
11083.886396	26.259214	5078
11084.935403	26.042986	5079
11086.002643	26.446447	5080
11087.053227	26.524819	5081
11088.117579	26.252887	5082
11089.171363	26.576388	5083
11090.232039	26.227948	5084
11091.289445	26.185655	5085
11092.346929	26.535139	5086
11093.407171	25.953636	5087
11094.459760	26.601013	5088
11095.523701	26.749275	5089
11096.576369	26.425866	5090
11097.640904	27.010970	5091
11098.693070	26.461048	5092
11099.755789	26.345677	5093
11100.809918	26.734718	5094
11101.869673	26.485870	5095
11102.926442	26.653479	5096
11103.983243	26.933944	5097
11105.044342	26.687078	5098
11106.099261	27.120880	5099
11107.161970	26.948087	5100
11108.214383	26.935219	5101
11109.278393	27.338132	5102
11110.330784	26.795572	5103
11111.395412	27.174343	5104
11112.446283	26.807966	5105
11113.512622	26.610076	5106
11114.559981	27.519566	5107
11115.628044	26.808156	5108
11116.677578	27.512371	5109
11117.743068	26.958011	5110
11118.794128	27.448612	5111
11119.858475	27.314805	5112
11120.911286	27.244731	5113
11121.975813	27.538232	5114
11123.027221	27.011203	5115
11124.090049	27.211673	5116
11125.142774	27.018199	5117
11126.205955	27.333968	5118
11127.258665	27.360470	5119
11128.320168	27.704441	5120
11129.379758	27.200840	5121
11130.435284	27.849353	5122
11131.496145	27.525781	5123
11132.550911	27.315449	5124
11133.613703	27.478026	5125
11134.665137	27.372175	5126
11135.729300	27.448264	5127
11136.780242	27.787020	5128
11137.845962	27.906238	5129
11138.898238	27.434388	5130
11139.959854	27.356576	5131
11141.016402	27.520632	5132
11142.072267	27.417754	5133
11143.133025	27.691845	5134
11144.188092	27.942069	5135
11145.250569	27.716400	5136
11146.305547	27.849913	5137
11147.369175	27.578564	5138
11148.418698	27.485901	5139
11149.484819	28.010021	5140
11150.533327	27.817128	5141
11151.601609	28.163175	5142
11152.651695	28.029337	5143
11153.718212	27.549300	5144
11154.766310	28.118081	5145
11155.832574	27.413222	5146
11156.882462	28.403347	5147
11157.949298	27.989861	5148
11158.999132	28.100743	5149
11160.063662	28.246785	5150
11161.117364	27.935680	5151
11162.180636	28.007750	5152
11163.233464	27.809624	5153
11164.293685	27.891174	5154
11165.349714	28.246631	5155
11166.409890	28.198785	5156
11167.468991	27.943080	5157
11168.523547	28.215471	5158
11169.586349	27.870830	5159
11170.637402	28.127486	5160
11171.701397	28.117761	5161
11172.754037	28.152954	5162
11173.818126	28.347607	5163
11174.870678	28.481925	5164
11175.934391	28.242844	5165
11176.988569	28.532590	5166
11178.050714	28.068000	5167
11179.105094	28.168817	5168
11180.163862	28.237231	5169
11181.220900	28.380492	5170
11182.279296	28.298968	5171
11183.338202	28.587283	5172
11184.394992	28.050282	5173
11185.454922	28.442177	5174
11186.509997	28.818501	5175
11187.574133	28.370702	5176
11188.626774	28.463561	5177
11189.689475	28.244484	5178
11190.740674	28.404139	5179
11191.806146	28.315625	5180
11192.857320	28.592802	5181
11193.919946	28.451626	5182
11194.973331	28.557975	5183
11196.035035	28.631402	5184
11197.090272	28.786434	5185
11198.151940	28.808500	5186
11199.207716	28.567775	5187
11200.267583	28.769485	5188
11201.325326	28.652998	5189
11202.382496	28.358033	5190
11203.442653	28.393274	5191
11204.496906	28.457697	5192
11205.558436	28.585901	5193
11206.612328	28.929414	5194
11207.675555	28.871672	5195
11208.729055	28.974882	5196
11209.793666	28.703077	5197
11210.844779	28.662830	5198
11211.909088	28.593741	5199
11212.959309	28.786090	5200
11214.022764	28.838857	5201
11215.077079	29.043643	5202
11216.137966	28.801687	5203
11217.195798	29.007750	5204
11218.253815	28.909075	5205
11219.312743	28.411560	5206
11220.367201	29.099199	5207
11221.427701	28.616227	5208
11222.482432	29.312674	5209
11223.548019	29.163698	5210
11224.598876	29.134364	5211
11225.664615	29.145364	5212
11226.715648	28.788133	5213
11227.780748	28.594827	5214
11228.830245	28.980920	5215
11229.894298	28.931682	5216
11230.947323	29.168534	5217
11232.010830	29.044910	5218
11233.063168	29.352324	5219
11234.127340	29.277069	5220
11235.181406	29.014861	5221
11236.242641	28.980076	5222
11237.297072	28.988741	5223
11238.357125	28.968716	5224
11239.413199	28.915696	5225
11240.472628	29.322119	5226
11241.530926	29.206552	5227
11242.588541	29.146305	5228
