time (s)	theta (A)	maj axis/z0	min axis/z0	crossing#mod 255
6348.868631	12.132824	-0.605967	0.325550	155
6350.971887	11.098482	-0.607629	0.325129	157
6353.083626	10.953172	-0.606627	0.324981	159
6355.199699	10.224681	-0.604577	0.324765	161
6357.302328	9.318776	-0.603828	0.325356	163
6359.414740	9.177088	-0.601555	0.322787	165
6361.533133	9.888560	-0.604647	0.321526	167
6363.647901	10.271313	-0.604282	0.320114	169
6365.757769	10.187564	-0.606798	0.319429	171
6367.879055	10.321001	-0.607464	0.317535	173
6369.990552	10.526404	-0.608594	0.316078	175
6372.112073	10.669888	-0.608585	0.313804	177
6374.212121	10.035806	-0.608009	0.312427	179
6376.333412	10.090210	-0.610480	0.310466	181
6378.440542	10.172179	-0.607643	0.308054	183
6380.563395	10.215899	-0.608887	0.305441	185
6382.674097	10.726922	-0.607814	0.302937	187
6384.796930	11.745313	-0.609315	0.300842	189
6386.916966	13.333160	-0.610183	0.300022	191
6389.035520	14.041188	-0.611182	0.299387	193
6391.150130	14.547198	-0.613538	0.298044	195
6393.268190	14.904566	-0.615457	0.296989	197
6395.381562	15.442224	-0.617037	0.295886	199
6397.501201	15.514778	-0.616769	0.294588	201
6399.609853	15.549923	-0.618583	0.293139	203
6401.728268	15.489567	-0.618710	0.291952	205
6403.837051	15.398831	-0.621708	0.290930	207
6405.952978	15.461617	-0.621958	0.289028	209
6408.062703	15.131808	-0.623578	0.286711	211
6410.176051	14.519371	-0.623166	0.284762	213
6412.285434	13.604011	-0.624406	0.282720	215
6414.392204	12.965072	-0.625300	0.280932	217
6416.504350	12.585134	-0.625517	0.279770	219
6418.612551	12.200363	-0.625421	0.279216	221
6420.729980	12.252577	-0.628385	0.278127	223
6422.839024	12.238483	-0.628073	0.277090	225
6424.957404	12.161661	-0.629083	0.276385	227
6427.068975	12.225107	-0.630602	0.275468	229
6429.184426	12.486071	-0.632836	0.274042	231
6431.298433	12.653759	-0.632359	0.272268	233
6433.414623	12.654849	-0.633118	0.270736	235
6435.527804	12.593124	-0.633061	0.269362	237
6437.640778	192.413116	0.634538	-0.267075	239
6439.756974	12.529276	-0.635820	0.265503	241
6441.871322	12.826094	-0.635057	0.263178	243
6443.987183	13.248114	-0.634392	0.261144	245
6446.103952	13.892067	-0.635003	0.259377	247
6448.223423	14.703343	-0.635727	0.257778	249
6450.341891	15.420929	-0.637345	0.256464	251
6452.457806	15.973722	-0.638709	0.255796	253
6454.575598	16.400951	-0.640596	0.254944	255
6456.691640	16.586046	-0.642620	0.254269	1
6458.805126	16.644732	-0.645031	0.253463	3
6460.918744	16.551561	-0.645864	0.251635	5
6463.033888	16.641781	-0.647398	0.250119	7
6465.148226	16.655529	-0.647797	0.248460	9
6467.260180	16.429863	-0.649551	0.246982	11
6469.371443	16.164394	-0.650397	0.245708	13
6471.482419	15.639988	-0.650885	0.244146	15
6473.594326	195.097351	0.651770	-0.242602	17
6475.705370	14.578657	-0.651988	0.241184	19
6477.815948	14.163644	-0.652740	0.239904	21
6479.927992	13.911432	-0.654105	0.238733	23
6482.039233	193.830872	0.655341	-0.238092	25
6484.153688	193.931351	0.655153	-0.236926	27
6486.268260	194.056091	0.655017	-0.235676	29
6488.383721	194.183624	0.654779	-0.234503	31
6490.497688	194.123520	0.656451	-0.233323	33
6492.612395	194.246796	0.658764	-0.232133	35
6494.726697	194.253479	0.659633	-0.230720	37
6496.841267	194.046402	0.659636	-0.228983	39
6498.954701	194.025192	0.659620	-0.227341	41
6501.068759	194.263412	0.660138	-0.225700	43
6503.185571	194.631195	0.660390	-0.223869	45
6505.304237	195.038971	0.661487	-0.222281	47
6507.421561	195.426758	0.662538	-0.220907	49
6509.538068	195.960098	0.664151	-0.219200	51
6511.653936	196.573471	0.665132	-0.218113	53
6513.772224	197.072922	0.666762	-0.217100	55
6515.885405	197.240875	0.668624	-0.216016	57
6518.002174	197.424301	0.671090	-0.215348	59
6520.116867	197.536957	0.671410	-0.214625	61
6522.234474	197.547943	0.673025	-0.213369	63
6524.344475	197.379456	0.674394	-0.211982	65
6526.458860	197.330612	0.676247	-0.210437	67
6528.571186	197.153961	0.676436	-0.209224	69
6530.683592	196.765198	0.677571	-0.207712	71
6532.794907	196.445572	0.678815	-0.206320	73
6534.906188	196.152969	0.680836	-0.205230	75
6537.018012	195.834015	0.681127	-0.203961	77
6539.130688	195.501297	0.680542	-0.203174	79
6541.242411	195.201828	0.680836	-0.202414	81
6543.356073	195.166077	0.682560	-0.201209	83
6545.471009	195.294052	0.683865	-0.200439	85
6547.585735	195.387543	0.684352	-0.199296	87
6549.701039	195.483307	0.686081	-0.198542	89
6551.817249	195.391647	0.687601	-0.197572	91
6553.926673	195.220612	0.686865	-0.196873	93
6556.043299	195.274246	0.689152	-0.195221	95
6558.158301	195.370850	0.690314	-0.193629	97
6560.273343	195.527298	0.690709	-0.192129	99
6562.388938	195.593765	0.691033	-0.190774	101
6564.504593	195.813431	0.691253	-0.189327	103
6566.620321	196.191483	0.692973	-0.187880	105
6568.737825	196.669952	0.694475	-0.186703	107
6570.855144	197.104065	0.695905	-0.185843	109
6572.972067	197.436569	0.696510	-0.184759	111
6575.088030	197.723022	0.697551	-0.183881	113
6577.203048	197.850937	0.698920	-0.182997	115
6579.317805	197.903214	0.700308	-0.181947	117
6581.432294	197.886703	0.702219	-0.180957	119
6583.546636	197.891586	0.703683	-0.179769	121
6585.659695	197.676270	0.704359	-0.178043	123
6587.773138	197.555374	0.703381	-0.176907	125
6589.885173	197.356674	0.704141	-0.175525	127
6591.995581	197.042877	0.704431	-0.173860	129
6594.109459	196.747818	0.705947	-0.172878	131
6596.222650	196.532379	0.707115	-0.171732	133
6598.334853	196.322952	0.708447	-0.170715	135
6600.447891	196.214142	0.709931	-0.170389	137
6602.560990	196.117187	0.711187	-0.169841	139
6604.675108	196.025986	0.711395	-0.169277	141
6606.788318	195.919601	0.712245	-0.168318	143
6608.903149	195.896286	0.711188	-0.167136	145
6611.017562	195.926819	0.713538	-0.166576	147
6613.132046	195.983887	0.713854	-0.165012	149
6615.246398	195.943558	0.714314	-0.163614	151
6617.361206	195.953842	0.715579	-0.162423	153
6619.476088	196.053986	0.716755	-0.160974	155
6621.591381	196.167267	0.716071	-0.159418	157
6623.707208	196.369812	0.717191	-0.158519	159
6625.823714	196.665329	0.718117	-0.157733	161
6627.940211	196.970703	0.719928	-0.156238	163
6630.056820	197.287445	0.723239	-0.155571	165
6632.173613	197.574692	0.724431	-0.154637	167
6634.289694	197.712112	0.725620	-0.154045	169
6636.405069	197.873810	0.727452	-0.153266	171
6638.519683	197.990753	0.728454	-0.152327	173
6640.634722	198.017532	0.730453	-0.151068	175
6642.749126	197.981018	0.730695	-0.150377	177
6644.862894	197.936981	0.733776	-0.149737	179
6646.976147	197.823685	0.734017	-0.148663	181
6649.088906	197.690521	0.735394	-0.147570	183
6651.201738	197.394012	0.735552	-0.146029	185
6653.313955	197.189529	0.737116	-0.145173	187
6655.426979	197.008301	0.737115	-0.144630	189
6657.538949	196.844513	0.737457	-0.143547	191
6659.652279	196.770508	0.739173	-0.142846	193
6661.766178	196.669220	0.739348	-0.141937	195
6663.880412	196.514923	0.739046	-0.141133	197
6665.994267	196.498322	0.741023	-0.139781	199
6668.107686	196.573380	0.743180	-0.139441	201
6670.222351	196.645782	0.743278	-0.138497	203
6672.337597	196.553772	0.742866	-0.137175	205
6674.452482	196.544830	0.745128	-0.136257	207
6676.566937	196.578949	0.745376	-0.134823	209
6678.681556	196.598984	0.745029	-0.133873	211
6680.796754	196.777802	0.747287	-0.132607	213
6682.912936	196.973251	0.746172	-0.131131	215
6685.029362	197.167175	0.748154	-0.130086	217
6687.145461	197.345108	0.750108	-0.129266	219
6689.261166	197.543869	0.749686	-0.128370	221
